[app/ui]
version = 8.0.4
modtime = 1591453099.110791000

[app/launcher]
version = 8.0.4
modtime = 1591453099.111608000
