[app/ui]
version = 8.0.1
modtime = 1587511206.289725000

[app/launcher]
version = 8.0.1
modtime = 1587511206.292593000
